Motion parameters:
9.9995512768e-01 2.0441548549e-03 -5.9608578456e-03 7.0733464619e-03 9.7053765120e-05 3.4245604089e-05 -4.6555600289e-05 
9.9815653273e-01 -1.1695127486e-02 -5.8839559954e-02 9.2014321103e-03 1.3949145015e-03 4.7481592310e-05 -2.5610683316e-05 
9.8661735744e-01 -1.4578948078e-02 -1.6237624538e-01 2.7566675550e-03 2.6232686836e-03 4.7770213308e-05 1.6561620632e-04 
9.7186098705e-01 -4.0720808868e-02 -2.3147122816e-01 -1.5783158907e-02 3.8826588927e-03 -1.9350925784e-05 4.6919977861e-04 
9.5826418270e-01 -4.8528041890e-02 -2.8101416382e-01 -2.0145099537e-02 5.3834396096e-03 9.1973093836e-05 7.6551922960e-04 
9.5965117949e-01 -4.7152269135e-02 -2.7680669056e-01 -1.4977759260e-02 6.2616673337e-03 4.8552157053e-05 7.2252841757e-04 
9.7543620616e-01 -9.6444173129e-03 -2.1920230253e-01 -1.9533138091e-02 4.9388433044e-03 -2.7511111031e-04 -2.2593741446e-04 
9.8434197962e-01 4.3024378848e-03 -1.7373096245e-01 -2.9494217483e-02 3.8559260258e-03 -4.3432572570e-04 -7.2953260777e-04 
9.9341614758e-01 7.9108123524e-03 -1.1204418782e-01 -2.2536121138e-02 2.9022908803e-03 -5.3730289456e-04 -9.3638990402e-04 
9.9524718054e-01 2.9745942862e-02 -8.7177191560e-02 -3.1596926909e-02 1.6461650404e-03 -6.1987878670e-04 -1.0005130640e-03 
9.9362070058e-01 2.9554728483e-02 -9.8022120224e-02 -4.7287264129e-02 7.4181509802e-04 -6.4510219206e-04 -9.9113946939e-04 
9.9448586714e-01 2.3686135235e-02 -9.6794582809e-02 -3.2674696432e-02 -1.8487179063e-05 -6.1676041988e-04 -8.9009269821e-04 
9.9611959390e-01 2.4319696827e-02 -8.1475121865e-02 -2.2718087691e-02 -8.2351834969e-04 -6.4204920974e-04 -7.5577460315e-04 
9.9416316325e-01 5.2123715885e-02 -9.2038097621e-02 -2.1253509692e-02 -3.3823753041e-04 2.0393019624e-04 -4.1046578102e-04 
9.9253730955e-01 6.6054493358e-02 -9.9226339643e-02 -2.5702657117e-02 -1.3384866124e-05 7.5996061382e-04 -2.4436753922e-04 
9.8719029085e-01 1.0166024771e-01 -1.1727476613e-01 -3.6975031119e-02 1.0404652349e-03 8.0666732491e-04 -2.6884119965e-05 
9.8465515545e-01 1.3240101604e-01 -1.0803257431e-01 -3.5399981454e-02 2.2502934104e-03 7.8900990090e-04 6.8346506562e-05 
9.7854972805e-01 1.2566271266e-01 -1.5533868627e-01 -5.0191681812e-02 3.3146248595e-03 6.5012605335e-04 2.4464677490e-04 
9.6089370613e-01 5.1712966665e-02 -2.6137116411e-01 -7.5459718843e-02 4.9545942776e-03 1.5556442244e-04 1.0742619252e-03 
9.5127543973e-01 3.6092704796e-02 -2.9824314873e-01 -6.9450548361e-02 6.1334688048e-03 5.3087856402e-05 1.5663657180e-03 
9.4781701628e-01 3.9854917285e-02 -3.0994867764e-01 -6.3137203411e-02 6.1734180617e-03 -8.5290159779e-04 1.2853690833e-03 
9.5159563193e-01 2.8372969078e-02 -3.0257044211e-01 -4.5954928856e-02 5.9891846802e-03 -1.3890041202e-03 8.4153472694e-04 
9.6860278103e-01 4.5906137276e-02 -2.4166313546e-01 -3.6058398418e-02 4.9300951606e-03 -1.2761608137e-03 -1.9490197844e-04 
9.8029369137e-01 4.8786794277e-02 -1.9057622508e-01 -1.8023035317e-02 3.8560076655e-03 -1.1292532850e-03 -7.8675593175e-04 
9.8362982214e-01 4.5141027975e-02 -1.7428843710e-01 -7.6289767938e-03 2.8740562398e-03 -1.1880182271e-03 -1.0476388454e-03 
9.9038466487e-01 4.6694678280e-02 -1.3021595128e-01 1.2761800724e-03 1.8006199619e-03 -1.2577532615e-03 -1.2284529418e-03 
9.8725200730e-01 1.0212207854e-01 -1.1619427427e-01 -3.7462591745e-02 8.4129357088e-04 -1.1379159930e-03 -1.5425681578e-03 
9.8256304488e-01 1.3187944005e-01 -1.1337800931e-01 -6.5750309041e-02 -2.7115875528e-05 -1.0262139337e-03 -1.6752963705e-03 
9.7585652574e-01 1.9205826977e-01 -7.7877161966e-02 -6.8940625372e-02 -2.2280624371e-04 -3.9638943875e-04 -1.1987195622e-03 
9.8386618498e-01 1.5874311572e-01 -4.1661678297e-02 -7.1219785347e-02 -6.3287207641e-04 -1.3503888896e-04 -3.4649367234e-04 
9.8758353439e-01 1.3536923659e-01 -4.9456148611e-02 -6.2514172346e-02 -2.2533014711e-04 2.7936028785e-04 1.4057420654e-04 
9.8937639125e-01 1.1124821443e-01 -6.7864733424e-02 -6.4440431251e-02 5.4962372084e-05 7.1370091383e-04 4.0191421875e-04 
9.9034514817e-01 1.0323985183e-01 -6.6781679018e-02 -6.4017402593e-02 2.0068749465e-04 1.0593600638e-03 6.8504243915e-04 
9.9141070873e-01 8.0452811898e-02 -9.3118748128e-02 -4.4283748924e-02 8.7463682216e-04 1.1799389465e-03 7.4111424189e-04 
9.9132726638e-01 2.2810032633e-02 -1.2921181749e-01 -7.3661088329e-03 1.9042285834e-03 1.0313405705e-03 5.2066951143e-04 
9.8470438922e-01 6.7786908862e-03 -1.7384195713e-01 -9.5020599551e-03 2.9131038097e-03 8.5835988223e-04 5.3347584849e-04 
9.6080598513e-01 -9.5299798721e-03 -2.7468326882e-01 -3.6195859510e-02 3.9296013047e-03 2.5221633627e-04 6.3103199840e-04 
9.5553674580e-01 -2.2379748843e-02 -2.9230144608e-01 -3.1757501239e-02 4.8183754260e-03 -1.9930752858e-05 7.4081181119e-04 
9.5447949404e-01 -8.9598783200e-03 -2.9761386039e-01 -1.7737140343e-02 5.0635025047e-03 -7.9762732316e-04 4.9571670345e-04 
9.5378610848e-01 -1.2937132269e-02 -2.9966535092e-01 -1.8037941726e-02 4.6963811865e-03 -1.3888791127e-03 9.7782367679e-04 
9.6213899545e-01 -2.6076690280e-03 -2.7140472384e-01 -2.4924473403e-02 3.8005525852e-03 -1.6063753917e-03 9.4192633359e-04 
9.7039056564e-01 5.8513059669e-03 -2.3962197584e-01 -2.9819809378e-02 3.0703635301e-03 -1.6346012078e-03 7.9332698506e-04 
9.7471671244e-01 1.2565700212e-02 -2.2101364555e-01 -3.0371074295e-02 2.4946852854e-03 -1.6707791129e-03 6.8693748074e-04 
9.8204668863e-01 1.4241401138e-02 -1.8663575390e-01 -2.3421767927e-02 1.8499542393e-03 -1.7054428216e-03 5.8380086359e-04 
9.8880388541e-01 2.6355699331e-03 -1.4759347370e-01 -2.1819635276e-02 1.2994061102e-03 -1.7098231191e-03 5.1611531671e-04 
9.9712809205e-01 -7.8793233389e-03 -7.4880363196e-02 -8.1495713363e-03 5.9157166306e-04 -1.6638366855e-03 6.6037610988e-04 
9.9869021633e-01 -2.7281482497e-02 -4.3251771353e-02 1.6902059196e-03 -6.6757245242e-05 -1.6520856672e-03 9.0623007106e-04 
9.9911602182e-01 -4.1220874388e-02 -6.2386429658e-03 5.3938658332e-03 -6.8662242027e-04 -1.6145590727e-03 1.1416932965e-03 
9.9934546853e-01 -3.5339241478e-02 -6.9601367755e-03 3.3658629698e-03 -1.6605577112e-03 -1.6470013228e-03 1.0401861309e-03 
9.9798850485e-01 -4.8758146337e-02 1.6505928519e-02 3.7001914566e-02 -1.3937284572e-03 -9.8204927043e-04 1.3681854122e-03 
9.9670658711e-01 -5.2405664161e-02 2.7744920274e-02 5.5315865502e-02 -1.1622212525e-03 -4.1419270042e-04 1.3812672607e-03 
9.9534772860e-01 4.2938226779e-02 4.6456136749e-02 7.2670731471e-02 -9.3765111803e-04 -1.7261585672e-04 1.2816815991e-03 
9.9253869156e-01 7.3929088659e-02 5.2080210611e-02 8.1786840484e-02 -7.3819428044e-04 2.0843798804e-04 1.2377404703e-03 
9.9232574091e-01 1.0096768886e-01 1.5296660288e-02 6.9722033219e-02 -5.3165354878e-04 5.7675757601e-04 1.0731316293e-03 
