# Motion parameters:
9.9975984906e-01 2.5546944937e-04 -2.1313982334e-02 -5.0885256081e-03 8.1739434406e-04 5.2694094963e-05 -6.9153619304e-04 
9.9934657491e-01 -1.3737218656e-03 -2.6780370555e-02 -2.4235260444e-02 1.9231754233e-03 1.8337678510e-04 -5.9842549677e-04 
9.9631516878e-01 -2.5904733291e-04 -6.5156177261e-02 -5.5773559239e-02 3.3952601355e-03 9.4080295050e-05 -6.0137872973e-04 
9.9305613108e-01 -3.1950954146e-03 -9.0890828587e-02 -7.4620165990e-02 5.1267390115e-03 4.2643455497e-05 -5.1729888670e-04 
9.9049807449e-01 -1.0716334143e-02 -1.1537477725e-01 -7.4076888309e-02 6.5960749630e-03 -9.5279990835e-05 -3.8927731640e-04 
9.8848540335e-01 -8.8492285950e-03 -1.3816082984e-01 -6.1072773192e-02 8.4638659215e-03 -1.6261589040e-04 -1.5875098969e-04 
9.8629599144e-01 -1.0020678752e-02 -1.4536236095e-01 -7.7392423960e-02 1.0141762204e-02 -1.7284765726e-04 5.2835621391e-05 
9.8126882084e-01 -5.8001231834e-03 -1.7583562788e-01 -7.8483703985e-02 1.1830020412e-02 -6.0704939002e-05 5.9606825900e-04 
9.7713873532e-01 -5.2855584592e-03 -1.9650728254e-01 -8.0974333698e-02 1.3333971140e-02 2.2589536401e-04 1.1387553805e-03 
